[[[255 255 255]
  [255 255 255]
  [255 255 255]
  [255 255 255]
  [255 255 255]
  [255 255 255]
  [255 255 255]
  [255 255 255]
  [255 255 255]
  [255 255 255]
  [255 255 255]
  [255 255 255]
  [255 255 255]
  [255 255 255]]

 [[255 255 255]
  [255 255 255]
  [255 255 255]
  [255 255 255]
  [255 255 255]
  [255 255 255]
  [255 255 255]
  [255 255 255]
  [255 255 255]
  [255 255 255]
  [255 255 255]
  [255 255 255]
  [255 255 255]
  [255 255 255]]

 [[255 255 255]
  [255 255 255]
  [255 255 255]
  [255 255 255]
  [236 236 236]
  [112 112 112]
  [ 31  31  31]
  [ 39  39  39]
  [150 150 150]
  [246 246 246]
  [255 255 255]
  [255 255 255]
  [255 255 255]
  [255 255 255]]

 [[255 255 255]
  [255 255 255]
  [255 255 255]
  [255 255 255]
  [ 67  67  67]
  [ 78  78  78]
  [208 208 208]
  [192 192 192]
  [ 25  25  25]
  [125 125 125]
  [255 255 255]
  [255 255 255]
  [255 255 255]
  [255 255 255]]

 [[255 255 255]
  [255 255 255]
  [255 255 255]
  [202 202 202]
  [ 19  19  19]
  [249 249 249]
  [255 255 255]
  [255 255 255]
  [197 197 197]
  [ 26  26  26]
  [253 253 253]
  [255 255 255]
  [255 255 255]
  [255 255 255]]

 [[255 255 255]
  [255 255 255]
  [255 255 255]
  [170 170 170]
  [ 38  38  38]
  [255 255 255]
  [255 255 255]
  [255 255 255]
  [255 255 255]
  [ 15  15  15]
  [225 225 225]
  [255 255 255]
  [255 255 255]
  [255 255 255]]

 [[255 255 255]
  [255 255 255]
  [255 255 255]
  [227 227 227]
  [ 13  13  13]
  [175 175 175]
  [254 254 254]
  [255 255 255]
  [219 219 219]
  [ 13  13  13]
  [212 212 212]
  [255 255 255]
  [255 255 255]
  [255 255 255]]

 [[255 255 255]
  [255 255 255]
  [255 255 255]
  [255 255 255]
  [142 142 142]
  [ 24  24  24]
  [ 46  46  46]
  [ 55  55  55]
  [ 56  56  56]
  [  3   3   3]
  [233 233 233]
  [255 255 255]
  [255 255 255]
  [255 255 255]]

 [[255 255 255]
  [255 255 255]
  [255 255 255]
  [255 255 255]
  [253 253 253]
  [241 241 241]
  [236 236 236]
  [238 238 238]
  [213 213 213]
  [ 29  29  29]
  [254 254 254]
  [255 255 255]
  [255 255 255]
  [255 255 255]]

 [[255 255 255]
  [255 255 255]
  [255 255 255]
  [255 255 255]
  [255 255 255]
  [255 255 255]
  [255 255 255]
  [244 244 244]
  [ 65  65  65]
  [116 116 116]
  [255 255 255]
  [255 255 255]
  [255 255 255]
  [255 255 255]]

 [[255 255 255]
  [255 255 255]
  [255 255 255]
  [255 255 255]
  [212 212 212]
  [194 194 194]
  [183 183 183]
  [ 73  73  73]
  [ 39  39  39]
  [230 230 230]
  [255 255 255]
  [255 255 255]
  [255 255 255]
  [255 255 255]]

 [[255 255 255]
  [255 255 255]
  [255 255 255]
  [255 255 255]
  [184 184 184]
  [ 57  57  57]
  [ 80  80  80]
  [162 162 162]
  [240 240 240]
  [255 255 255]
  [255 255 255]
  [255 255 255]
  [255 255 255]
  [255 255 255]]

 [[255 255 255]
  [255 255 255]
  [255 255 255]
  [255 255 255]
  [255 255 255]
  [255 255 255]
  [255 255 255]
  [255 255 255]
  [255 255 255]
  [255 255 255]
  [255 255 255]
  [255 255 255]
  [255 255 255]
  [255 255 255]]

 [[255 255 255]
  [255 255 255]
  [255 255 255]
  [255 255 255]
  [255 255 255]
  [255 255 255]
  [255 255 255]
  [255 255 255]
  [255 255 255]
  [255 255 255]
  [255 255 255]
  [255 255 255]
  [255 255 255]
  [255 255 255]]]